Артикул
БР-01
044089
R236
901589RS
901546F
901648F
901648A
901661A
36304
40673
540140
612770
501541
501540
150246
318066
131153
301501
304953
308098
151489
334530
156712
262413
156866
354163
127187
126920
163598
383712
354156
160009
150871-25
812220
330222
812111-25
354378
260504
902746
902708A
812238
172224
173009
172200
106304
812229
812228
114323
711293-25
812114-25
128467
150956
149783
612754
162157
354088
354279
148205
354293
354071
162188
162201
354385
501129
232546
812234
812233
711284-25
143651
123875
338408
812239
148618/331027
148632
148649
148663/331065
148670/331072
148687/331089
331096
135014
354033
902750
902722
902749
902748N
902537RS
902739
902731A
902747
902698
401576VE
401576F
401010
401011
401013
201705
201704
R712
214816HV
201690
13281
13280
370017
11008701
150901
962543
11024301
901760O
901760P
901760A
901760F
040K
901761AB
901761O
NMP1/PINK/V
901761RS
901761P
NMB1/BLUE/V
901761A
901761F
041K
901762O
NMP2/PINK/V
901762P
NMB2/BLUE/V
901762A
901762F
042K
901763O
NMP3/PINK/V
901763P
NMB3/BLUE/V
901763A
901763F
043K
901764O
NMP4/PINK/V
901764P
NMB4/BLUE/V
901764A
901764F
044K
901765O
901765P
NMB5/BLUE/V
901765A
901765F
045K
901766O
901766P
901766A
901766F
046K
901767O
901767P
901767A
901767F
047K
901768O
901768P
901768A
048K
901769O
901769P
901769F
049K
2347901
11006201
2831701
11007001
11024201
402576VE
402576R
402576F
301500VE
301500O
401500R
401500PU
401500P
201500A
306500PU
901544
143675
122984
301500B
301500R
301500VEL
301500NA
301500RS
301500RSL
301500P
301500A
301500V
301500F
R3150
R3121V
R3123V
R3153
R3124V
R3154
R3125V
R3126V
R3156
R3176
R3127V
R3157
R3177
R3128V
R3178
R3159
R3129V
R3179
17116
17117
17220
17225
E2106
G2401
071206
521176
521178
5404300
71027
84657
84658
4484200
0600377
0600376
84340
84569
84339
84568
0600330
615101
5402900
0600408
НУ-7900
71096
071.295
5405500
0600369
84.683
0600364
0600410
423100
0600184
0600374
5401700
НУ-3333
71175
0600259
5400100
71148
НУ-3329
71115
84561
84652
71135
84396
0600368
6830283
0600332
5403400
84573
6830641
84466
6830269
84479
84544
84543
84629
0600412
5400900
6830245
5403100
84524
422200
071.299
84562
54.056.00
71057
724001
071.296
521222
521220
71017
0600379
6245504
6245505
62511
G2507
0600405
84411
6014863
41301
85423
Ш2-12269
МК-14001
307596
150857
151267
332278
150680
100-200/Б
100-200/З
60-200/К
60-200/С
6014400
6014402
6014389
501528
62165
318370/BH-58416-BU
E2161
E2151
296122
6015102
287791
287792
6014862
6225053
E2116
K2701
6014931
275119
K2501
6014874
6014892
6014901
E2154
E2159
62168
E2152
62514
6830252
501101
286228
E2158
501201
501221
501225
62163
501624
6014980
Трп-081
Трп-085
Трп-141
5КР-00737
Трп-142
78.902
5КР-00425
5КФ-00062
5КР-00659
78839
78841
К102
К104
К103
1803526
3838700
076416
78.928
78045
5К-01398
3767800
1803576
Т-761
1-04-0215
076366
5К-01403
1-20-0941
3836500
78.988
78769
1-30-0204
78.996
77764
38.358.00
1803624
3842200
1803530
38.274.00
5300909
275131
6230518
6230519
6230520
RC-4S5
RC-RBSP01
RC-0S5
902640
902546F
615048
615049
615046
6230524
6230523
617655
617657
7201370/1
720791/2
720791/2
88008484
2302M
R308
19006
19009
19007
19008
195121
195120
17362
17360
17361
1770
1771
1772
1773
1774
1775
1776
1777
1778
1779
H012
H012
88008989
88008989
H221
H221
H096
H096
88008683
88008683
H042
H042
H043
H043
88008714
88008714
88011690
88011690
H086
H086
H085
H085
H080
H080
H081
H081
H088
H088
H098
H098
H101
H101
H029
H029
H040
H040
H039
H039
H056
H056
3000041Ж
3000041З
3000041К
3000041С
3000041Р
3000041-Б
3000041-Н
16.13.00461
16.11.00460
BC18-04
16.11.00457
16.11.00323
16.11.00368
16.11.00474
5СО-00002
0165.933
16.11.00477
16.18.00002
6224691
6224694
6119300
0713.192
1803391
8371
56690
52495
019.553
1459200
1803642
0480.218
52485
14.630.00
9263300
5300916
8376
52392
14.632.00
7700847
8375
0572.945
5276100
5276000
52542
41.415
38397
38393
38426
38.457
38384
41.413
38.461
6335400
38440
38.455
38419
0175.274
0713.281
38.454
5300886
5587200
5581500
5277600
41.414
38400
0166.696
03691
2700331
8374
1457700
6324500
1803641
1803091
52514
52.552
1803634
1463100
52540
1455600
19479
1803678
1803569
1803604
1803610
1803630
1803679
0165.904
52508
52419
52418
5300881
52421
1803645
52483
1803567
7101900
1803676
9252200
9252900
9253100
9252600
7700938
7700922
52109
5585500
1458900
0166.667
52308
5300890
50617
280581
288759
283343
81164
ППК-7523
202362
81174
81152
81169
292458
3000040-Н
3000040З
3000040К
3000040П
3000040С
3000040P
6245498
6245493
6245502
6245501
6245495
6245496
615076
6245433
6224134
6012305
6012301
6012315
6012304
6012310
6012311
071.318
02.812.00
0282400
84.703
2206600
84.700
071069
0282200
071.320
823152
823141
540120
540138
540137
540151
6225057
E2147
E2145
6014875
6014893
6014902
501531
6015019
282850/20
280571
6014944
286837
6015020
294677
275128
6014943
6014922
6014947
6015023
6015022
БП-С-СП001
6014930
6014948
501226
6014905
800427C
1345
1339
1346
1340
1347
1341
1348
1342
1349
1343
700073
702050
132484
132481
629251M
629182
297555
297556
624070
620159
639242
629241
290052
275135
1940
1947
1946
1944
700160
708026
708013
1014
1016
282155
629242
702051
501215
501214
TKF358
MF004
803120
803121
29733
803122
803123
803124
803125
803126
803127
803128
803129
1042
1052
5830
1444
622980
1698
1743
1910
1810
622990
3400
5980
622100
1307
1486
1587
1496
5950
2910
3060
5870
1175
1230
0790
622070
1043
1053
5831
1445
622981
1699
1744
1911
1811
622991
3401
5981
624047G
622101
1308
1598
1487
1588
1497
5951
3062
5871
1681
0651
0791
5301
3521
624047B
622071
1044
1054
5832
1446
622982
1700
1745
1912
1812
622992
3402
5982
622102
1309
1599
1488
1589
1558
1498
5952
3063
5872
1682
0652
0792
5302
3522
622072
3626
1045
1055
5833
1447
622983
1701
1746
1913
1813
622993
3403
5983
622103
1600
1489
1590
1499
5953
2913
3064
5873
1683
0653
0793
501233
3628
1046
1056
1448
622984
1702
1747
1914
1814
622994
3404
5984
622104
1601
1490
1591
1500
5954
3065
5874
1684
0654
5304
501234
1422
3630
3617
3618
1047
1057
5835
1449
622985
1703
1748
1915
3405
5985
622105
1602
1491
1592
5955
3066
5875
1685
0655
5305
622075
3633
3619
3634
1048
1058
5836
1450
622986
1704
1749
1916
1816
622996
3406
5986
622106
1603
1492
1593
1502
5956
3067
5876
1686
0656
5306
622076
3635
3622
3623
1049
1059
5837
1451
622987
1705
1750
1917
1817
622997
622107
1314
1604
1493
1594
1503
5957
2917
3068
5877
1687
0657
0797
5307
622077
1050
1060
5838
1452
622988
1706
1751
1918
1818
622998
3408
5988
1318
1605
1494
1595
1504
5958
3069
5878
1688
0658
0798
5308
622078
1051
1061
5839
1453
622989
1707
1752
1919
1819
622999
3409
5989
622109
1315
1606
1495
1596
1505
5959
3070
5879
1186
1239
0659
0799
5309
132494
132493
627078
708020
708023
708019
131002
102400
703040
610060
102300
708016
ТР161
627054P
132492
0107
627077
132416
4128533
0663
280576
1734
1737
620187
132451
132478
132466
132421
132412
132424
132415
132427
132418
132448
132430
132454
132487
126764
708022
ТР162
700173
1608
708021
132417
620158
0106
0015
624266
628158
179285
179261
179209
179223
179308
12003
12004
12005
12009
12006
886135
501529
6015029
888178
8810427
6012106
6012108
6012109
6012110
6012111
6012112
6015030
887328
8811328
885213
885212
6015015
885947
885083
888256
885193
501206
6012100
6012105
77317
690048
77344
77395
77326
318459/CP-58356-BU
279726
77232
77130
295517
77398
77284
625017
615085
6224017
6225078
6225072
77287
77181
77226
6225056
625014
77193
77296
287787
615100
77229
77172
77205
6225052
77154
77353
6225084
625020
690063
77250
77290
77308
690066
501622
77389
БП-CТ-СП001
77392
77293
286599
77338
77335
328741/CP-70333-TR
6014984
6225063
77163
77263
501204
501220
501224
77124
6014929
6224012
6224142
6014872
6014890
6014899
6224700
6224703
6224120
6224701
BT019
BT009
501503
501500
77319
299025
6225064
77346
77397
77328
318475/PP-58355-BU
279727
77231
77129
77400
690023
691027
77286
625018
625027
690071
6225076
625012
6225070
625024
77180
77225
6225054
625015
77192
77298
294353
625045
77228
77210
6225050
77153
77201
77388
6225082
690032
625021
690062
77177
77249
690002
77292
77310
501102
501620
625039
БП-Т-СП001
77394
6014927
77295
286597
328744/PP-70327-TR
6014982
6225061
77162
77265
501202
501218
501222
77123
77318
77348
690046
6225065
77345
77396
77327
77230
690022
77288
6014870
6014889
615067
615066
615065
615068
Т007К
616028
616029
616012
ИЛ005
616039
617039
616033
617033
616036
616038
617038
616035
617035
617036
Т067Г
Т067К
Т067P
615166
DRG003
Т036К
БЧ001
615164
615170
616023
615075
615074
625007
6245486
6245480
6245457
6245454
6224153
615113
615108
6224151
282851
6224138
615115
280535
275129
312791/SP-53666-BT
100/6017
100/8015
100/6020
100/6018
1314/9
1364/1
1364/11
1364/10
1364/4
1364/7
1314/6
1364/8
1364/8
1364/6
1364/6
1364/5
1364/5
1364/9
1364/9
541023
541044
902681VE
902681R
902670
902662
902666R
902666A
902692M
902546
902537A
902681
R737
401500AB
401500VE
401576A
401500RS
401504RU
740100
401012
401500A
401530
13511
401500F
201500B
201500AB
201500R
201500PU
201500RS
201500RSL
201500P
201500L
201500V
201500F
60030
60033
901752
306500O
306500R
306500P
306500A
406500P
206500O
206500PU
206500RS
206500P
901653A
901518
901670
17438
901640
901589F
901555R
R680P
901546
901721A
901675VE
901668A
901668F
901755
901698
17381
17439
173910
173911
173912
173913
173914
173915
173917
173918
173919
173921
173922
173923
173924
173925
173926
173927
173928
173929
173930
173931
173932
173934
173935
173940
173941
173942
R3170
R3171
R3172
R3173
R3174
R3175
0831801
0834201
540157
540158
280578
280479
282374
281278
282671
162744
610281
162843
162768
162751
281377
280356
280776
281070
281476
902840
902787
902796
169644
172309
169736
169675
169613
169705
169583
169767
447032
124049
234069
230269
236124
170763
711036
239163
230429
230665
236469
253770
164267
164342
164427
164304
230566
253794
230467
238463
238265
205670
231563
205717
231266
238364
231860
155746
155623
155708
155661
155784
164113
159904
902797A
902797F
902790
902844RS
902663R
902663A
902672RU
902681A
902786
902756
231365
230863
231136
253367
124391
230368
236261
236766
231488
234465
238661
230924
230764
236568
231662
255378
233963
238760
231068
234960
231464
232225
170633
902715
902775
902835
902754
902788
902789
902735
902707A
902707F
902692R
902802TU
902738
902675VE
G72098
G72074
902800
902696
902773
902743
902672VE
902672M
L699
L710
L711
902549
L676
L675
902774
902669
902724
902667M
L674
902661R
179537
179513
179490
179452
179476
179575
179551
618020
250540
B301500AB
301500BGA
301500SPA
301500M
301500GP
301500RG
301500BGRS
B301500L
B301500TU
301502RU
250441
1202-2758
1202-3203
1202-3204
252346
251240
753712
740112
G78041RH
G78069GHRG
G78053GHB
13328
G78042RH
13256
G78043RH
G78044RH
G78045RH
G78046RH
G78047RH
G78048RH
13030
G78049RH
740109
740110
501511
501512
501510
13353
401587
401589
756652
756669
756645
756676
754825
401579
401578
757741
757802
1202-3541
1202-3499
13329
19171
401500M
220311
401588
401590
401576AB
401576R
G01808WhR
401584
754191
116438HV
1202-2805
758892
758908
401500GP
401586
13350
401610
401583
754917
13254
13032
401597
751923
401595
401541
220458
401591
756614
756904
753514
752289
754238
754177
740106
740105
1202-2558
752623
752609
401585
3809502
401600
401602
401601
401016
401017
401018
401015
758885
401506R
401506N
2023097
2755201
1202-1934
L18049-P
L18048-P
501211
L18047-P
L18046-P
501210
501209
L18045-P
252643
618008
155272
155036
155197
155111
155357
251349
250847
250380
201707
201706
217060HV
214530HV
123095
201500M
201714
1202-1386
1202-1385
201500GP
201500RG
201500BGRS
L18031
13241
201500N
442211
550006
550005/1
550007/1
550008
550073
74112G5
74108R
74001
550107
74123RG
550106
74100B
74117Ti
74101F
253947
251448
757567
757420
220403
757444
758311
757376
220335
757451
757291
757611
757604
757253
757468
757482
757222
220298
757598
757314
757505
757352
757512
757789
757758
758298
757628
758281
757529
757536
757543
757499
220410
757550
220571
757970
758267
758090
758151
752562
758083
753453
757895
220380
752838
220373
758076
758069
758212
758205
758045
758199
220687
220489
752548
757949
758021
758977
758380
759004
759066
758007
403016
1207-4300
1207-4182
180010
190463
550109
753439
403017
403018
15503
550162
550160
550164
550163
550161
550013
190053
180034
15151
15150
190443
15537
15536
190418B
15225
15221
15266
15131
15132P
15104P
173719
178134
173733
178110
173696
178127
446172
151557
151656
151632
164229
159928
180017
550067
550024
550014
19825
1208-0555
20005
1207-2151
15580
15581
1207-3840
1207-2035
190442
19826
60036
60031
1207-3841
220564
220557
220342
220540
220359
G72096
G72071
G72097
901751
35158H
35156H
1207-3931
1207-3623
901840
35194
901842
85693
15251
15534
901803
1207-1543
3466501
1208-0496
20370
270043
270647
752425
751046
752432
752739
753286
270003
271545
270012
271248
753361
753347
753323
270014
270010
270340
756119
755853
755839
755884
755822
755860
755846
759042
755815
270007
270006
270013
1207-3929
15370
15530
15531
13337
19791
35175
901841R
901841A
1207-3311
901796
901795
273945
270008
901827
901826
220618
901689A
901696
901672RU
901672VE
901672M
1207-2749
306500B
306500AB
306500BGA
306500M
306500GP
306500RS
306500BGRS
406500GP
206500B
206500AB
206500BGA
206500R
206500GP
206500BGRS
15268
901722
19904
15571
L32142
901653F
901735
901516
19187
901519
35544
L211-P
901756
132010
134010
B901810A
B901810TU
132011
134011
132012
134012
132013
134013
B901813P
132015
134015
132016
134016
132017
134017
132018
134018
132019
134019
901513
901835
901754
35679
901790
901771
901773
901802TU
901749
19708
901775
R381
R379
G72023
15450
901788
901789
901737RS
190964
401116
401118
L210-P
131080
131070V
R809
131082
131072V
131073V
131074V
131085
131075V
131076V
R803
131078V
R905
131079V
901750
901537AB
901589P
901589A
15113
901797F
190938
901555AB
901555O
901555RS
901555P
1208-0497
108469
360782
36204K
970439
108520
971238
108537
154855
154527
154749
154633
154961
959959
935274
109107
360867
108544
935229
636132
108643
636134
19566
72027
R386
35564GH
35685GH
901851
15421
35174
35176
35879
R680B
180651
15246
15512
35260
901708A
15705
L32160
971030
19553
19554
19555
22001
23001
108452
L176
L175
15203
901800
180654
L179
35547
901681VE
901681R
901681
901681A
L199-P
901715
901825
901824
901778F
901667M
901667VE
901747
35861GH
901847
901619
901620
401117
2816201
G31008GHK
190417P
G72031
180855
901844B
901844VE
35878
15244
35762WE
901692R
901661R
1208-0491
60044
60041
60043
60045
60042
901738
R510
901741
901740
15538
901777
15286
755075
755266
754696
756263
755440
755358
754603
756379
755174
800Z
901760B
901760G
901760R
901760RG
901760TF
754856
754863
755082
754481
754450
756270
755457
754474
754467
754504
754498
801Z
901761B
901761G
901761R
901761RG
901761TF
756287
755464
755365
754528
756393
755181
802Z
901762B
901762G
901762R
901762RG
901762TF
755105
755280
754627
756294
755471
755372
754542
756409
755198
803Z
901763B
901763G
901763R
901763RG
901763TF
755112
755297
754634
756300
755488
755389
754535
756416
755204
804Z
901764B
901764G
901764R
901764RG
901764TF
755129
755303
754641
756317
755495
755396
754559
756423
755211
805Z
NMP5/PINK/V
901765B
901765G
901765R
901765RG
901765TF
755136
755310
754658
756324
755501
755402
754566
756430
755228
806Z
901766B
901766G
901766R
901766RG
901766TF
755143
755327
754665
756331
755518
755419
754573
756447
755235
901767B
901767G
901767R
901767RG
901767TF
755150
755334
754672
756348
755525
755426
754580
756454
755242
808Z
901768B
901768G
901768R
901768RG
901768TF
901768F
755167
755341
754689
756355
755532
755433
754597
756461
755259
809Z
901769B
901769G
901769R
901769RG
901769A
901769TF
901850
901774
901669
15385
35561
3408601
901779
85850
901780
L178
901739
2844501
L174
901724
3727701
15487
251P
1208-0570
243R
243Gy
19900
19875
901682
1207-4103
1208-0569
13270
3433101
3891101
3465401
1208-0481
3907701
402506
902821
902822
401506A
901663R
901663A
901662
17378
901667A
17277
17382
15486
17131
17130
17173
17133
190824
19909
19908
19888
17174
180160
R3180
180161
R3181
180162
R3182
180163
R3183
180164
R3184
180165
R3185
180166
R3186
180167
R3187
180168
R3188
180169
R3189
201520F
6014940
6014876